% Fsweep 22  at:	11/12/2024	16:29:54	drive_mV 7000.000000	DVM  0.000000
freq	Vx	Vy	time
8.8065793568E+1	2.4378400000E-5	4.0668400000E-4	3.8167789976E+9
8.8070890850E+1	2.4855300000E-5	4.0781700000E-4	3.8167790057E+9
8.8075988131E+1	2.6107000000E-5	4.0978400000E-4	3.8167790138E+9
8.8081085413E+1	2.6881800000E-5	4.1109500000E-4	3.8167790219E+9
8.8086182695E+1	2.7477900000E-5	4.1294300000E-4	3.8167790299E+9
8.8091279976E+1	2.8073900000E-5	4.1437300000E-4	3.8167790380E+9
8.8096377258E+1	2.9444800000E-5	4.1592300000E-4	3.8167790461E+9
8.8101474540E+1	3.0279300000E-5	4.1824800000E-4	3.8167790542E+9
8.8106571821E+1	3.0935000000E-5	4.2045300000E-4	3.8167790623E+9
8.8111669103E+1	3.1471500000E-5	4.2253900000E-4	3.8167790703E+9
8.8116766384E+1	3.2842400000E-5	4.2498300000E-4	3.8167790784E+9
8.8121863666E+1	3.4451700000E-5	4.2712900000E-4	3.8167790865E+9
8.8126960948E+1	3.6299500000E-5	4.3004900000E-4	3.8167790946E+9
8.8132058229E+1	3.7431900000E-5	4.3249300000E-4	3.8167791027E+9
8.8137155511E+1	3.8802900000E-5	4.3499700000E-4	3.8167791107E+9
8.8142252793E+1	3.9756500000E-5	4.3726200000E-4	3.8167791188E+9
8.8147350074E+1	4.3332800000E-5	4.3994400000E-4	3.8167791269E+9
8.8152447356E+1	4.3988500000E-5	4.4262600000E-4	3.8167791350E+9
8.8157544638E+1	4.7087900000E-5	4.4602300000E-4	3.8167791431E+9
8.8162641919E+1	4.9948900000E-5	4.4989800000E-4	3.8167791512E+9
8.8167739201E+1	5.1737100000E-5	4.5335500000E-4	3.8167791592E+9
8.8172836483E+1	5.3882800000E-5	4.5699100000E-4	3.8167791673E+9
8.8177933764E+1	5.7280300000E-5	4.6009000000E-4	3.8167791754E+9
8.8183031046E+1	6.0797000000E-5	4.6432200000E-4	3.8167791835E+9
8.8188128328E+1	6.4492700000E-5	4.6789800000E-4	3.8167791916E+9
8.8193225609E+1	6.9141900000E-5	4.7284600000E-4	3.8167791996E+9
8.8198322891E+1	7.3433400000E-5	4.7666000000E-4	3.8167792077E+9
8.8203420173E+1	7.7724900000E-5	4.8119000000E-4	3.8167792158E+9
8.8208517454E+1	8.3387400000E-5	4.8583900000E-4	3.8167792239E+9
8.8213614736E+1	8.9288200000E-5	4.9108600000E-4	3.8167792320E+9
8.8218712018E+1	9.6679200000E-5	4.9663000000E-4	3.8167792400E+9
8.8223809299E+1	1.0389100000E-4	5.0080200000E-4	3.8167792481E+9
8.8228906581E+1	1.1247400000E-4	5.0622600000E-4	3.8167792562E+9
8.8234003862E+1	1.2213100000E-4	5.1105400000E-4	3.8167792643E+9
8.8239101144E+1	1.3232300000E-4	5.1600100000E-4	3.8167792724E+9
8.8244198426E+1	1.4406500000E-4	5.1987500000E-4	3.8167792804E+9
8.8249295707E+1	1.5741700000E-4	5.2476300000E-4	3.8167792885E+9
8.8254392989E+1	1.7184100000E-4	5.2869700000E-4	3.8167792966E+9
8.8259490271E+1	1.8799400000E-4	5.3167700000E-4	3.8167793047E+9
8.8264587552E+1	2.0629300000E-4	5.3418100000E-4	3.8167793128E+9
8.8269684834E+1	2.2602200000E-4	5.3424000000E-4	3.8167793209E+9
8.8274782116E+1	2.4891100000E-4	5.3132000000E-4	3.8167793289E+9
8.8279879397E+1	2.7305100000E-4	5.2714700000E-4	3.8167793370E+9
8.8284976679E+1	2.9748900000E-4	5.1892200000E-4	3.8167793451E+9
8.8290073961E+1	3.2556200000E-4	5.0646400000E-4	3.8167793532E+9
8.8295171242E+1	3.5256300000E-4	4.8923900000E-4	3.8167793613E+9
8.8300268524E+1	3.7908700000E-4	4.6557400000E-4	3.8167793693E+9
8.8305365806E+1	4.0310800000E-4	4.3583100000E-4	3.8167793774E+9
8.8310463087E+1	4.2218200000E-4	4.0084300000E-4	3.8167793855E+9
8.8315560369E+1	4.3398300000E-4	3.6049100000E-4	3.8167793936E+9
8.8320657651E+1	4.3362600000E-4	3.1376100000E-4	3.8167794017E+9
8.8325754932E+1	4.2504300000E-4	2.6923600000E-4	3.8167794097E+9
8.8330852214E+1	4.1216800000E-4	2.2959800000E-4	3.8167794178E+9
8.8335949495E+1	3.9261800000E-4	1.9401400000E-4	3.8167794259E+9
8.8341046777E+1	3.6829900000E-4	1.6284100000E-4	3.8167794340E+9
8.8346144059E+1	3.4088100000E-4	1.3965500000E-4	3.8167794421E+9
8.8351241340E+1	3.1179400000E-4	1.2272700000E-4	3.8167794501E+9
8.8356338622E+1	2.8282600000E-4	1.1044800000E-4	3.8167794582E+9
8.8361435904E+1	2.5457300000E-4	1.0341500000E-4	3.8167794663E+9
8.8366533185E+1	2.2602200000E-4	1.0031500000E-4	3.8167794744E+9
8.8371630467E+1	2.0432600000E-4	1.0275900000E-4	3.8167794825E+9
8.8376727749E+1	1.8304700000E-4	1.0526200000E-4	3.8167794906E+9
8.8381825030E+1	1.6528500000E-4	1.0985200000E-4	3.8167794986E+9
8.8386922312E+1	1.4960900000E-4	1.1491800000E-4	3.8167795067E+9
8.8392019594E+1	1.3572100000E-4	1.2064000000E-4	3.8167795148E+9
8.8397116875E+1	1.2344200000E-4	1.2684000000E-4	3.8167795229E+9
8.8402214157E+1	1.1354700000E-4	1.3339600000E-4	3.8167795310E+9
8.8407311439E+1	1.0395100000E-4	1.3905900000E-4	3.8167795390E+9
8.8412408720E+1	9.6321600000E-5	1.4507900000E-4	3.8167795471E+9
8.8417506002E+1	8.8811400000E-5	1.5062200000E-4	3.8167795552E+9
8.8422603284E+1	8.2254900000E-5	1.5664200000E-4	3.8167795633E+9
8.8427700565E+1	7.6354000000E-5	1.6194700000E-4	3.8167795714E+9
8.8432797847E+1	7.1883700000E-5	1.6671500000E-4	3.8167795794E+9
8.8437895129E+1	6.7055700000E-5	1.7213900000E-4	3.8167795875E+9
8.8442992410E+1	6.2823800000E-5	1.7678800000E-4	3.8167795956E+9
8.8448089692E+1	5.9008800000E-5	1.8108000000E-4	3.8167796037E+9
8.8453186973E+1	5.6445800000E-5	1.8519300000E-4	3.8167796118E+9
8.8458284255E+1	5.3108000000E-5	1.8984200000E-4	3.8167796198E+9
8.8463381537E+1	4.9591300000E-5	1.9282200000E-4	3.8167796279E+9
8.8468478818E+1	4.6432300000E-5	1.9669600000E-4	3.8167796360E+9
8.8473576100E+1	4.5180600000E-5	2.0051100000E-4	3.8167796441E+9
8.8478673382E+1	4.2796400000E-5	2.0349100000E-4	3.8167796522E+9
8.8483770663E+1	4.0769800000E-5	2.0653100000E-4	3.8167796603E+9
8.8488867945E+1	3.8743300000E-5	2.0969000000E-4	3.8167796683E+9
8.8493965227E+1	3.7074300000E-5	2.1273000000E-4	3.8167796764E+9
8.8499062508E+1	3.5345800000E-5	2.1511400000E-4	3.8167796845E+9
8.8504159790E+1	3.3855700000E-5	2.1749800000E-4	3.8167796926E+9
8.8509257072E+1	3.2842400000E-5	2.2030000000E-4	3.8167797007E+9
8.8514354353E+1	3.1590700000E-5	2.2262400000E-4	3.8167797087E+9
8.8519451635E+1	3.0100500000E-5	2.2548500000E-4	3.8167797168E+9
8.8524548917E+1	2.8968000000E-5	2.2828700000E-4	3.8167797249E+9
8.8529646198E+1	2.7358600000E-5	2.3037300000E-4	3.8167797330E+9
8.8534743480E+1	2.7299000000E-5	2.3257800000E-4	3.8167797411E+9
8.8539840762E+1	2.5630100000E-5	2.3394900000E-4	3.8167797491E+9
8.8544938043E+1	2.4616800000E-5	2.3549900000E-4	3.8167797572E+9
8.8550035325E+1	2.4378400000E-5	2.3722700000E-4	3.8167797653E+9
8.8555132606E+1	2.3186300000E-5	2.3907500000E-4	3.8167797734E+9
8.8560229888E+1	2.2649900000E-5	2.4116100000E-4	3.8167797815E+9
8.8565327170E+1	2.1755800000E-5	2.4289000000E-4	3.8167797895E+9
8.8570424451E+1	2.1815400000E-5	2.4456000000E-4	3.8167797976E+9
